              precision    recall  f1-score   support

           0       0.84      0.92      0.88     45684
           1       0.58      0.39      0.47     14314
           2       0.73      0.47      0.57      1683
           3       0.77      0.47      0.58      1285
           4       0.88      0.90      0.89     44766
           5       1.00      1.00      1.00    118299
           6       1.00      0.99      0.99      2703
           7       0.92      0.93      0.93     30639
           8       0.72      0.68      0.70      2914
           9       0.67      0.69      0.68      4289
          10       0.81      0.74      0.77       187

    accuracy                           0.91    266763
   macro avg       0.81      0.74      0.77    266763
weighted avg       0.91      0.91      0.91    266763
