              precision    recall  f1-score   support

           1       0.88      0.94      0.91     45839
           3       0.66      0.56      0.60     14449
           4       0.95      0.50      0.66      1748
           5       0.95      0.59      0.73      1256
           6       0.91      0.92      0.92     44833
           7       1.00      1.00      1.00    118174
           8       1.00      0.99      1.00      2566
          13       0.91      0.97      0.94     30470
          14       0.86      0.70      0.77      2906
         130       0.79      0.68      0.73      4358
         140       0.85      0.63      0.72       164

    accuracy                           0.93    266763
   macro avg       0.89      0.77      0.82    266763
weighted avg       0.93      0.93      0.93    266763