              precision    recall  f1-score   support

           1       0.71      0.45      0.55     22847
           3       0.21      0.01      0.01      7098
           4       0.00      0.00      0.00       877
           5       0.00      0.00      0.00       566
           6       0.00      0.00      0.00     22585
           7       0.54      0.99      0.70     59269
           8       0.91      0.05      0.09      1336
          13       0.74      0.41      0.53     15071
          14       0.65      0.27      0.38      1426
         130       0.44      0.07      0.11      2226
         140       0.00      0.00      0.00        81

    accuracy                           0.57    133382
   macro avg       0.38      0.20      0.22    133382
weighted avg       0.48      0.57      0.47    133382
